Number of points: 1722
38.462723 239.443878 726.408936
78.117805 246.279846 33456.058594
57.964867 250.598022 25686.681641
65.525307 251.433258 18835.986328
14.663027 256.122192 58379.113281
26.652718 257.710938 405.894012
51.152374 257.652405 25922.650391
1471.498901 258.164703 12809.500977
71.152466 262.721680 34839.464844
1493.136108 268.264313 11461.868164
1578.139404 268.894806 7327.504395
45.597073 270.929230 63056.019531
101.044861 271.446716 27032.472656
1469.763306 271.154541 2060.096924
1484.755127 271.157379 14137.457031
13.540909 272.610504 4640.955566
1425.892090 275.065155 19737.699219
1523.623169 277.210052 11657.104492
1399.789307 278.932861 30858.091797
1460.177368 279.670929 9830.041016
125.877296 280.964447 48699.773438
105.606766 283.501984 15778.587891
1566.229858 284.296631 274.466125
61.910740 285.170593 129.530975
79.567467 284.984497 20938.068359
1500.467529 287.070129 14479.515625
1397.952026 289.476624 8077.782227
1415.981689 288.672974 16041.071289
1381.510742 293.072845 5000.775391
1554.070801 292.929626 802.927124
1510.152466 296.345581 6922.274414
38.623699 299.956390 21941.843750
1424.848267 300.852875 10227.585938
1531.731567 300.818268 6645.787109
102.900139 303.708649 13635.948242
1453.145142 304.775360 5902.414062
11.642792 305.303070 399.543762
1438.951172 307.151062 3720.689941
72.725876 307.964966 6849.248535
1486.953125 309.321350 836.007751
1556.540527 308.852936 351.124084
31.850056 310.233521 3605.559570
135.013397 315.253571 12967.611328
1503.255493 316.410828 6384.971191
65.583771 317.217010 10169.557617
117.167236 316.565369 41169.195312
1411.708862 317.184357 564.385437
1532.774292 317.470337 2325.073242
1455.388062 318.752991 1155.514526
98.620743 320.518768 10427.387695
1425.608154 320.685242 1251.002686
156.042023 322.324341 31446.234375
40.910969 325.425201 17456.576172
1518.446533 325.038239 509.148651
1539.106323 325.930450 1305.690063
53.293930 327.127319 13660.217773
1487.002197 327.722778 1013.608093
101.969727 331.078583 13020.540039
10.125408 332.087341 48835.128906
45.892715 334.614441 12816.118164
1429.688843 334.968811 711.824341
1448.014404 335.026367 327.009827
1585.431885 335.362823 5168.140137
121.596802 335.660339 38769.363281
30.665440 337.064423 2511.154053
1498.984375 336.757477 638.996521
79.246315 337.989410 10511.522461
1545.985840 338.843292 9217.874023
1329.223511 339.986237 10367.859375
1344.986206 341.379944 1909.446289
1531.589111 340.783295 4014.337402
234.654037 341.809326 11564.924805
88.637917 342.924805 14127.171875
243.659515 343.063049 9417.117188
1578.239746 344.103027 17667.839844
137.895691 345.210999 5015.829102
1381.773315 346.117645 1077.530884
1553.750244 346.015106 10429.548828
149.201370 346.866608 1248.556885
1409.442871 346.592529 1192.625244
41.596981 348.143463 8069.253906
75.943977 348.389709 16873.408203
1395.453125 347.996796 10724.996094
1420.460571 347.745636 7765.941895
220.870895 348.557343 6549.176270
288.517944 349.193787 44415.335938
1471.993164 349.474823 123.747398
1591.168335 348.768005 2299.497803
107.585548 350.025024 21529.941406
162.227631 352.660431 36491.453125
1363.130859 352.529724 5723.690918
1454.784668 352.956238 318.881714
9.594488 353.525208 3567.697021
1492.682251 354.635345 202.035919
188.991089 356.156097 2687.319336
1481.816528 356.003448 157.151321
23.391226 357.483032 19678.250000
215.872391 357.312927 7801.953125
254.632050 358.007599 33347.878906
130.992371 359.036987 4771.592285
202.935745 359.411041 23646.810547
668.164978 358.957977 4839.800293
1374.350830 359.067780 1757.641479
268.177826 360.083313 27570.775391
319.462830 359.726776 9326.519531
234.242126 361.020325 11501.052734
1437.257690 360.968109 798.227356
1558.198975 360.971985 14247.292969
124.547379 362.328094 5211.922852
713.456604 363.648682 2678.407227
752.648438 363.077454 4159.487305
1459.881226 363.334595 126.615646
292.299164 364.576477 5794.906250
1589.793457 365.326416 1685.138062
116.547440 365.870392 10756.656250
1509.536621 365.619873 177.035583
146.692688 366.780762 14453.291016
249.802002 366.630219 74701.062500
196.466751 367.915009 10748.556641
525.212769 367.853821 4167.555176
1394.815918 369.608734 1098.313477
228.288620 370.184540 17751.917969
1540.659180 370.269531 3463.921143
1320.145508 370.818420 19039.248047
1332.069214 371.174438 7052.200195
326.161987 372.168579 4402.961426
667.613525 371.437469 150.634598
282.331421 373.005127 16304.010742
311.427856 372.591156 20496.052734
337.453979 373.090942 46218.406250
1447.214600 376.010071 931.978760
44.887173 376.816437 31196.755859
177.751389 377.149139 39635.308594
245.801804 377.644318 19606.574219
719.254333 377.670013 3137.322510
115.183479 378.703796 60623.238281
301.903687 379.802063 11204.046875
758.862305 379.965485 1682.458374
21.955553 381.314911 51087.097656
778.296509 381.136078 381.938293
800.984863 381.230957 1608.863892
1405.129395 381.333801 2927.162598
1577.228638 382.146851 1175.819824
212.910568 383.240509 47480.378906
666.227173 383.046356 480.764832
684.375488 383.013000 1059.673584
1383.031738 383.071075 5221.081055
191.746094 385.268005 16184.646484
597.180908 385.405609 2273.053467
693.810242 384.582672 1178.998657
1359.481201 384.895081 2075.315186
1536.320801 384.611359 3085.722168
1593.690552 385.427582 7714.612305
71.288956 386.084808 16632.042969
312.580078 385.672241 899.869019
1433.123169 386.259155 2811.221436
29.637304 387.826416 40238.457031
704.718506 387.852325 2188.315430
182.204941 388.949280 19861.835938
1413.818481 388.552002 3981.253418
1422.806885 389.425415 2920.828125
1445.695312 389.379913 2599.798828
290.642517 390.148132 5105.048340
84.919151 391.141785 173845.343750
210.872055 390.930603 44273.316406
723.345825 391.284515 2707.028564
1545.957642 391.251770 1380.619385
1267.921265 392.889465 7637.484863
60.482292 393.497925 104961.132812
687.047974 394.340027 484.022278
761.520813 393.764069 861.041382
807.949463 393.617523 2463.448975
128.326950 395.097046 60171.093750
746.033691 395.374756 816.342651
816.208191 394.810333 3129.255615
1376.036621 394.687134 5232.379883
780.971741 396.391754 206.825012
1532.623413 397.081451 2769.270996
1575.253052 396.570831 18652.984375
24.289881 397.865479 41239.996094
149.245804 399.172119 10751.873047
277.055023 398.853180 529.289795
847.786682 398.938690 4707.053223
302.806000 399.838776 1214.983643
364.145782 400.123230 774.908081
248.982269 401.181580 278.472839
352.800751 401.518860 749.079346
1304.322632 401.454620 7314.271484
1389.848145 400.754852 2163.867188
1513.197388 401.457062 27633.349609
224.330276 402.192535 2675.469482
890.818726 401.950897 7117.629395
1320.746826 401.525696 1435.880127
1337.703491 402.140747 172.579224
697.641357 403.457428 2058.115479
325.832092 403.598724 17530.580078
725.941101 403.794617 2983.625732
1363.645264 404.096283 123.184517
25.128893 404.697510 33535.480469
763.195679 405.254089 848.098633
136.446320 405.973755 13516.366211
808.879639 406.466064 2542.947266
908.119812 405.777130 1741.369995
746.454041 406.892792 591.045227
165.187759 407.623566 9353.998047
781.589722 408.190857 162.542252
1527.737061 407.963531 2379.521973
816.721985 408.676910 1975.443726
1487.850952 408.935791 785.837708
1470.673584 409.583069 181.768555
148.972137 410.847046 15249.173828
182.223846 411.048523 63697.140625
327.486603 411.059265 16504.257812
1458.379639 411.311310 243.025101
864.541199 411.685760 1003.313477
1436.560791 412.074005 998.381592
223.340286 414.375641 11981.690430
1405.683838 414.091217 8649.985352
1508.397461 414.995483 11435.197266
369.892029 416.169678 227.574097
702.482605 415.805603 2750.549561
721.865723 415.774658 2934.433594
1356.817017 415.605621 18275.580078
709.733826 416.972717 2979.323486
746.957458 416.827789 499.610840
690.325562 419.460938 2543.043945
878.708008 419.923431 1656.205444
1559.046387 419.645844 7127.123047
1578.317505 421.109497 1942.981323
14.447594 421.914856 26893.974609
47.531990 421.989349 305.706818
197.813477 421.935730 54920.562500
291.070953 422.169830 25349.218750
864.600525 422.100159 2658.566895
662.849426 422.752869 290.419952
850.592834 422.787384 1733.604980
1417.942871 422.555084 6246.218262
245.692078 423.739655 27913.806641
273.744873 423.791290 192.579605
622.547668 424.462311 255.479553
820.540283 423.802246 547.018494
894.908630 424.088226 1780.237549
1390.945557 424.261597 3195.706787
962.327087 424.909119 3063.004395
714.235352 426.955078 4753.763184
764.023071 427.373199 1197.807495
1480.430054 426.581116 2750.991455
1523.622192 427.452667 2495.446289
729.165955 427.792816 3559.934326
234.620987 429.361420 7236.788574
777.253357 428.633942 632.596497
840.066162 429.142609 1264.514160
805.215027 429.756866 2253.562012
368.224915 431.078796 3404.651367
1349.731445 430.776794 2675.453125
1377.158447 431.086914 8522.869141
1463.488281 431.454895 2062.055908
1566.533203 431.336334 5078.132324
182.381256 431.796661 5288.239746
351.919739 431.662720 1109.064087
787.168030 432.233673 696.851990
1408.920044 431.840332 620.286438
1430.810791 431.940247 2134.770264
1577.014404 432.290985 5604.287598
213.943436 432.743500 13780.759766
250.212967 433.213959 47724.617188
285.882935 433.750427 33866.031250
820.623413 433.850616 1413.105591
851.046143 434.324646 1892.687134
1423.010132 433.562469 1416.474365
323.768097 434.912170 1052.327148
733.767822 435.835999 2999.849365
1335.016479 435.619598 5155.227539
1542.755981 436.208130 639.351929
9.257342 436.567108 229729.718750
387.341522 436.738037 3373.634033
777.579407 438.631805 577.925720
1523.543335 441.216461 678.438965
765.936829 441.935760 1760.935059
171.887939 443.028564 17656.214844
724.410278 443.271576 4358.348145
713.763733 444.120117 3355.013672
868.036194 444.002563 7807.711426
1393.789429 445.133179 1894.179565
152.517380 445.828064 80354.250000
809.944824 446.212921 1182.187866
843.001770 445.669342 4097.875488
1346.585815 446.030243 3367.428223
184.421906 447.384979 3485.627441
661.829956 447.397339 404.091431
1372.130371 447.273926 7381.058105
262.804474 448.291595 15726.638672
602.047913 447.656372 1776.199219
645.485352 448.401489 309.115143
780.310669 448.294891 656.617004
1402.930664 447.765686 1299.821411
697.485840 451.093079 4801.735352
769.891479 450.805267 2050.447021
799.222717 450.438812 1302.547607
383.826843 452.480438 3863.510742
746.919800 451.601746 3339.366455
1454.489258 452.075897 6262.290527
303.006989 453.015594 528.289062
717.316589 452.936554 5177.048828
723.700623 452.973938 5310.588379
739.112000 453.194183 4316.263672
818.114563 452.746521 2264.294434
1503.241455 453.014679 185.127228
19.207558 453.786591 25613.107422
1477.078125 453.634491 125.617111
1516.682129 454.116699 5759.315918
288.879761 455.405396 2714.628418
152.600632 457.489258 24771.171875
227.282104 457.312347 36808.066406
837.493530 456.443939 1106.592896
1407.572754 456.974976 9536.522461
203.237930 458.265442 7125.487793
326.105682 457.962646 1614.302734
1361.187012 458.003113 2087.765869
1335.005859 458.513885 5252.310059
401.867645 459.871338 748.259644
1344.889038 460.310760 7150.482910
1374.106323 459.859436 9644.396484
879.257446 460.668213 43869.542969
943.476440 461.183777 127.397179
1310.682861 461.253967 8192.146484
1324.219849 460.705139 4732.750000
806.144958 462.228943 2548.820068
923.144958 462.392578 136.595825
5.793729 462.887665 385579.781250
902.336426 462.961243 1017.631226
31.530010 463.965759 3437.680664
257.440308 464.319489 1908.223389
664.208496 464.390259 3084.496338
1543.280884 464.410736 1930.123657
1564.935303 463.709351 26418.851562
623.733398 466.834045 3359.339355
839.977722 466.875580 1755.509521
746.951843 468.033112 4380.704102
1470.270630 467.667877 135.090042
214.148773 469.160645 60521.320312
1343.034424 469.069214 13081.064453
132.286438 470.128815 1378.490112
723.528748 470.448853 1892.633911
276.285339 471.327301 15085.103516
665.952881 471.224701 3943.148682
698.198181 471.996765 1396.072876
896.865356 472.409485 574.848938
1432.122437 471.771179 262.429565
1450.479004 471.869324 4912.068359
1583.502075 471.621826 396.785706
372.128296 473.345123 1119.180908
641.350037 472.731476 2922.910645
164.982208 473.899109 4429.922363
623.432495 473.580414 2507.318359
257.947327 474.539642 3574.391602
352.730621 475.277557 1740.410278
320.081879 476.420105 285.875397
852.616150 477.125610 694.040039
1364.908936 477.265991 141.148178
191.281372 479.375671 35858.871094
674.831970 478.930664 239.916901
335.356354 479.898102 2142.197754
822.070435 480.464691 484.441437
1278.130493 479.646210 5481.295410
1321.173828 479.523285 3933.131836
400.389740 480.818481 3156.169434
738.356812 481.084259 1208.765259
837.818176 480.701080 1016.737976
1335.884399 481.419434 1607.642944
728.583496 481.863037 1988.909790
924.184753 482.444366 604.488525
1384.878052 482.126007 5927.541992
1486.259033 481.911926 14519.191406
14.183794 483.102905 356394.343750
665.461304 483.231445 651.341248
696.515869 483.277832 2929.554688
715.821411 482.908936 663.002258
905.055298 483.148712 820.763489
1552.265869 483.052063 207.209869
647.843140 483.592773 547.046143
1401.137207 483.693451 123368.281250
623.960999 484.587402 1098.532471
758.664917 485.100525 151.803345
108.040047 485.752441 176.733353
596.454712 485.565918 426.954163
806.848022 485.924225 727.983032
870.588928 486.318237 103.499367
1534.149902 486.897247 951.597900
150.336227 487.853729 2381.518066
224.838898 487.706268 2113.245117
337.138000 488.001465 1619.492065
354.164368 487.652344 576.566345
789.784973 488.670502 337.953949
377.362061 489.971863 2126.600586
746.693909 490.255066 875.152649
1433.616577 490.030670 2752.737305
177.487610 490.890320 666.046997
293.000458 491.262329 592.034790
1448.116333 491.188416 14499.864258
1508.949463 490.878387 2062.433594
87.091194 491.979279 76505.515625
210.000732 491.909912 4164.831543
261.859741 493.014008 1601.914185
771.253357 493.070740 247.056885
1458.125732 492.977478 6041.740723
39.527992 493.769073 198.130829
1307.507080 494.171783 766.137634
821.982910 495.296997 355.525757
114.967438 496.114105 397.837494
225.970581 496.011383 1210.233154
1392.484497 496.564484 710.494873
250.508148 496.873047 4179.435059
30.950350 497.845245 239.139938
789.653870 497.743927 222.268188
833.190002 497.835083 782.463257
1271.132202 498.796112 2667.413818
1295.580322 499.245331 3207.555420
870.497498 499.675323 96.958305
84.872078 501.381378 19990.140625
1371.761108 501.392578 7217.166016
154.936813 502.475708 1653.613770
199.959122 502.080261 774.892029
291.207123 501.644928 528.963501
344.190735 502.555481 51291.281250
735.856201 502.118500 591.724365
1360.689331 502.250793 5539.091797
747.657104 502.871826 639.028381
934.153320 502.711090 870.610352
1339.556396 503.361420 1519.375488
945.285400 504.164856 5396.801758
1503.972290 503.763397 1478.557251
801.453308 504.799164 544.849792
967.683655 504.959625 34453.640625
140.317047 506.122681 2737.002686
1561.964844 505.937164 1133.595581
132.123550 507.464539 2739.072510
670.814453 508.094421 435.391724
1409.047363 508.254822 2032.331421
1523.326172 507.534515 2005.714966
85.862640 509.425751 47556.710938
313.681152 508.818604 6612.505371
1550.897583 509.308472 326.840637
15.735987 511.017548 397.680725
620.020508 511.124695 703.952454
822.966003 510.877319 147.195236
1324.596191 510.658539 1786.141113
1394.559570 510.574493 6540.238770
903.189148 512.318420 11621.400391
922.884460 512.184143 5035.798828
242.115158 513.471802 4050.193359
1352.078491 512.641113 3205.965576
1428.236572 513.891968 17168.650391
62.019611 515.125732 207829.437500
107.749130 514.912048 1134.218384
254.255020 515.122864 2031.521240
270.398987 515.385925 605.186829
631.196289 515.121033 7642.194824
831.425110 514.742981 372.415436
290.324799 515.877441 175.653076
1308.213623 515.785339 6405.234375
156.674698 517.022644 1396.611816
374.944183 516.895630 12763.457031
592.897400 516.922729 272.175873
281.019165 518.268250 462.433197
844.539917 518.455261 359.580444
854.074890 517.979492 1073.725830
1341.697876 518.177673 7562.620117
1460.377441 518.157654 4206.613281
1591.416260 517.930664 3041.522705
778.460205 520.206665 168.262680
876.751282 520.249451 4319.604980
1250.302246 519.628357 1036.327026
677.800842 520.499023 363.505188
1528.120728 521.020996 5619.391602
648.195984 522.310242 216.984619
717.387390 522.462891 4289.385742
922.925049 521.965210 2359.661865
73.631828 522.828552 99686.656250
727.274658 522.893311 2464.279785
970.739197 523.179932 16059.273438
1365.897095 523.291687 18989.765625
84.214256 523.862183 37450.527344
98.233223 525.348389 10663.017578
814.041321 525.159241 317.523315
951.491577 524.696228 19932.468750
1424.655640 524.992004 16458.062500
1504.588867 524.491394 436.073273
58.746632 526.481140 258428.953125
750.337280 526.096680 1357.024780
862.399292 525.771240 152.566254
1239.549927 525.970459 625.000916
196.364044 527.341492 433.637604
821.788452 527.191589 321.696838
898.779175 527.232605 18910.693359
27.451046 527.658569 219965.687500
1282.701904 528.323059 39339.207031
1327.844849 529.207825 8537.623047
1438.176392 529.066406 3644.302002
167.253662 530.229126 19766.164062
695.753418 529.597473 2349.641846
615.446106 531.103333 357.950287
630.055603 530.834045 1012.183716
36.509430 532.062317 263747.062500
248.795151 533.856567 2050.560547
1004.941345 533.728516 179.177216
190.728195 534.991699 814.415771
1323.155518 535.247864 9869.558594
1302.721558 536.364624 4121.384277
1339.202759 536.088623 6981.069824
1386.397339 536.158203 401.427155
275.429138 536.677490 711.687256
1353.319336 538.178406 1682.336182
204.668808 538.674622 734.848755
905.888000 539.491089 399.541870
1121.587036 538.555054 343.718170
90.323624 539.899658 8107.092773
1315.544800 540.092896 10111.085938
1409.093994 539.917419 11853.721680
1189.242188 541.625305 2361.044922
1243.921997 541.022583 1967.077026
1541.735840 540.710815 4283.352051
1471.741699 542.057922 2890.171387
953.370544 542.807678 175139.859375
1449.809570 543.413391 855.751404
131.452393 543.825745 1796.045654
1234.792358 544.344360 2243.088867
823.795532 545.292358 10628.469727
877.999573 545.455811 6266.391113
270.908478 546.077698 1865.266724
748.887024 546.255615 3538.523438
805.135437 546.247131 199.897690
1174.290771 546.139648 2576.404541
1506.818237 546.382324 8625.278320
203.804459 547.287659 791.159119
1156.296387 546.765259 709.242615
1423.221313 547.307739 7421.950684
435.158020 547.949646 354.511597
783.995483 548.061646 240.646240
898.984741 548.356995 94462.500000
1542.375977 548.644836 3421.702881
736.795471 549.008972 430.086609
1371.681396 548.992493 4062.399414
1522.615601 549.220032 62760.757812
150.016586 550.327576 287.607056
723.140442 550.311035 1504.731201
845.503601 550.550781 7308.770996
1213.696411 551.205322 354.848938
1324.677734 551.031372 12355.850586
1412.624268 550.908264 2605.829346
211.861710 552.256897 545.527771
696.304199 551.809570 4050.946533
979.294800 551.747925 214.533951
1136.212158 552.190552 1864.562622
285.869049 553.086182 2309.746582
413.537079 553.224915 134.181488
939.942993 552.665283 14153.035156
59.334316 553.701538 27977.542969
142.968842 553.602478 347.626678
570.407043 553.742859 735.553711
1129.259399 553.874756 1241.187500
1178.298584 553.603760 1905.507935
1381.738892 554.379761 1239.089355
114.152390 555.046936 373.027924
829.613892 554.731995 9931.981445
1222.005737 555.280640 889.633972
1283.339233 555.159302 10503.887695
1362.733765 554.881958 6085.869141
1463.817627 554.627563 7384.366211
338.257416 556.324463 413.668182
348.293427 555.629822 963.566284
875.762756 555.868347 2016.819336
1330.877808 555.873291 12742.122070
1441.077271 556.163696 9898.715820
855.970093 556.841614 4573.557617
1578.629272 558.350342 4289.700195
124.322243 558.965027 635.359924
812.162964 558.924133 1129.375244
1539.065430 559.244446 12909.502930
762.370422 560.315735 4731.431152
1100.155762 560.121277 626.944214
1242.008545 560.399109 2265.041748
274.185120 560.872986 14868.092773
748.630432 561.024597 3623.884521
1555.181274 561.444092 2211.225586
6.137176 561.863770 187.718719
35.312553 562.280029 110265.203125
148.550232 562.121094 300.456451
718.380920 562.120544 2212.709229
728.876343 561.664246 2181.389893
63.164375 562.884155 10812.412109
698.551758 562.685364 3619.699951
955.751221 563.370117 218.512421
374.709473 563.520447 47202.003906
944.159180 564.135803 475.045532
1003.918945 563.989563 15741.212891
1112.272705 564.238464 385.513306
1229.096191 565.098206 1210.402832
1313.762573 565.289673 6533.627930
196.123901 565.945374 7738.391602
594.476929 565.481140 6395.702148
831.982239 565.814453 361.070435
1149.547607 565.803589 572.124817
1269.676147 565.681885 1858.109131
1436.949097 566.146057 5788.830078
1413.756348 567.293213 18195.449219
1299.127075 567.980469 4530.338379
1355.047363 567.513672 2775.489990
1466.719238 568.328735 11017.663086
19.740047 569.321716 61536.335938
160.520065 568.998901 131.079132
781.190979 568.742432 697.281372
793.492981 568.776550 1167.797974
810.662415 568.670715 308.853516
1383.711548 569.197815 12165.845703
634.246155 569.896606 4754.403809
649.569702 569.950073 16482.171875
1168.131958 570.066406 25981.949219
1190.121704 570.083496 1292.240845
1504.219604 569.842468 5330.211914
285.805847 571.333496 6525.038086
1098.482422 570.796082 529.904175
1541.005005 571.022461 8850.766602
395.847412 571.936218 5657.293945
611.277039 571.587952 9112.908203
680.130798 571.710754 279.826263
872.977417 572.234741 143.409210
1081.216675 572.961853 389.193512
1492.904663 572.902039 11116.603516
211.383499 575.258301 6182.177734
299.733795 574.935608 297.986053
337.539429 574.950012 786.156799
1284.758911 574.943787 20888.558594
1525.810791 574.608215 556.284790
173.147018 576.391235 127.496025
996.140015 576.013306 5546.961426
149.261307 576.544373 260.752899
1200.051758 578.504333 4289.548340
1328.730713 578.142639 759.003662
1452.658447 578.235535 2310.452881
634.316528 579.823914 1709.436279
200.788040 580.569153 390.527863
427.161438 581.280090 140.492355
439.888306 580.510437 470.074127
594.443848 581.112915 1438.373413
611.081726 580.512512 4198.357910
843.075134 581.187561 144.414856
1099.267944 582.235107 165.499527
1376.824341 581.821472 3647.999268
1432.203247 581.772461 13171.320312
1471.923218 581.975952 2183.097900
34.127987 582.896729 137.977341
286.396362 582.521729 5678.067871
1224.256958 583.496704 1139.724121
1235.970459 583.744812 904.679138
1586.633545 583.838074 4619.437988
61.424374 584.671631 4520.408203
1138.647949 584.661072 2384.979736
1176.083252 584.593262 11417.021484
88.177536 585.640808 154.781708
1391.978149 585.898987 2665.228027
644.925293 587.063721 478.472290
1076.760620 586.978638 1360.932617
1299.027954 587.400635 2247.550537
1316.385864 586.564331 1573.370117
1153.044556 588.045471 400.863800
1055.447754 588.568420 242.638748
1246.459961 588.915039 723.288940
1527.039307 591.092285 1299.152100
1003.269470 591.880249 10590.724609
1114.521362 592.536438 464.300476
1337.787842 593.967407 12200.962891
1470.985962 593.895203 1789.592651
1369.716187 594.554749 1652.995483
87.138153 595.598022 134.266327
185.916779 595.952026 15122.499023
214.125641 596.064941 1104.921021
563.890015 595.963135 2386.060303
679.693237 596.241150 145.495468
1038.655884 596.317505 374.732971
545.083069 597.404846 3885.175293
1426.057983 597.205566 12575.795898
363.150574 598.413208 192.664093
529.337524 598.080322 6117.612305
650.798340 598.322327 599.844116
1296.653198 597.543762 1608.431396
1394.318604 598.414246 2254.400146
1588.222046 597.971252 3054.225342
27.037239 599.099548 1433.103516
484.113922 599.370667 2943.632324
498.984344 599.062439 4341.087402
514.551758 598.838623 3220.769531
1317.022949 599.355469 1367.868164
116.835976 600.348206 654.685730
134.513794 599.859863 4856.723145
468.763489 600.203430 2983.321045
687.863403 599.685913 250.578934
38.155663 600.675354 1475.475342
65.187859 601.013733 22488.855469
439.373138 601.337219 2690.634766
453.775604 600.766357 2658.405273
942.339355 601.275024 43994.000000
1148.186157 600.726807 626.436584
152.616394 601.819336 2162.794434
987.702271 602.075989 20049.824219
1023.192566 601.974304 192.823151
1071.611572 601.528931 232.994217
1407.611084 601.944885 22484.744141
1563.919556 602.336243 690.847046
1246.794189 602.816101 367.443207
246.470642 604.160400 2999.578613
1423.737915 603.858459 11178.346680
1081.725342 604.570923 277.240387
1341.305664 604.546692 4213.280762
583.691650 605.396851 533.901062
857.947571 606.329895 21582.333984
877.762146 605.887329 19496.224609
1233.057861 606.000671 1418.996948
847.494873 607.035706 21621.912109
1364.283813 607.474976 4516.256836
1529.584717 606.905029 2104.971191
20.566797 607.835754 1329.713013
813.841858 607.925476 5525.333984
942.022827 608.117859 49376.187500
959.322998 608.216553 22966.195312
5.211196 609.057922 1770.630127
95.262833 609.152710 155.150406
783.384277 609.083374 9354.908203
794.064392 608.778137 10218.743164
1285.609253 608.826172 640.872070
532.550354 610.416138 14201.627930
750.169739 610.238708 8019.037109
763.780640 609.881287 13015.301758
929.701599 609.552856 4404.618652
1487.219238 610.257935 54868.656250
502.145752 611.456726 11930.756836
517.429688 611.054932 12465.826172
526.701965 610.865234 16817.455078
730.258728 610.969910 13850.079102
832.037354 611.041199 23721.439453
898.192566 610.597168 3069.833252
1441.665039 610.777710 64463.746094
35.774761 612.131592 2231.591309
389.556793 611.973572 22393.451172
481.133881 612.508789 12251.492188
486.637543 612.275635 13037.524414
590.337341 612.095276 632.380310
699.897888 612.372559 13240.125000
719.863220 611.672791 7222.677246
1012.319458 611.643799 1212.325562
1034.311768 612.077820 385.890381
160.490356 613.413269 14743.429688
456.872681 613.304749 9522.373047
471.828552 613.030212 11164.171875
542.706665 612.998657 15597.331055
650.335510 613.267334 673.449524
178.914291 614.115601 674.637695
435.437744 614.059753 8961.201172
1077.856689 613.915527 701.795105
1543.157471 614.924927 38319.460938
880.948303 615.526062 4793.120605
1158.406982 616.258911 122392.843750
1328.771118 616.244873 5670.437012
1574.684937 615.925110 1258.413696
512.160889 617.165833 13028.895508
855.684082 617.184143 4282.254395
942.215332 617.204834 38217.652344
1231.758423 616.764282 5016.781250
247.986969 617.855347 734.184326
817.015381 617.738586 6709.829590
982.483948 617.481262 872.273071
1266.661743 617.919373 286.301636
1294.396606 617.470520 1329.479492
35.820656 619.068298 2125.561768
466.270264 618.747620 10962.423828
788.709717 619.316223 4274.909180
1253.527588 618.583130 156.514709
1385.620117 618.657227 2457.663086
752.989136 619.994568 9087.657227
761.311157 619.833069 12383.219727
1105.307007 620.522705 1122.165039
1350.771362 619.787109 5028.915527
99.673950 621.221863 7924.886719
652.230469 621.159241 690.764038
697.533447 622.090881 8052.193848
725.199768 621.811890 1102.429077
151.031876 622.760620 2121.888916
204.065125 623.220093 1077.105225
403.469452 623.713562 162.828186
643.546753 624.196716 734.996216
1371.182251 623.816833 5743.249023
9.986011 625.023376 1783.351318
71.219856 624.682373 10617.274414
115.778809 625.152527 1132.343018
1414.447144 625.790955 12818.479492
1448.357300 625.756042 2939.926758
542.384888 626.955322 8852.861328
1165.706421 626.642517 98542.625000
137.649185 628.365479 898.320679
512.124695 628.272522 14085.193359
517.672791 628.038696 14285.766602
527.033325 627.776672 16289.557617
1114.847534 627.622498 600.487854
146.921509 628.873352 2185.007324
154.190063 629.317261 2146.076416
472.261902 629.427856 9542.086914
481.417480 629.256348 12913.909180
496.860443 628.957825 14064.323242
990.577332 629.021301 80142.835938
1563.806030 629.104736 175.903000
163.576477 630.240417 1017.858826
442.295898 630.339111 6535.870605
451.107208 630.409973 8648.355469
457.124786 630.174866 8908.208008
466.192902 629.794128 10753.213867
724.610901 630.144958 730.847839
1202.839966 630.528992 206.867966
42.877399 632.077759 13023.648438
124.355919 631.884277 4416.023926
26.047625 632.846008 3771.904785
1040.204102 634.277771 389.454865
1169.626465 633.684937 55378.441406
1537.037842 633.919495 4904.010742
1552.186401 633.609314 220.576691
644.213135 635.053467 1725.428711
1237.687988 634.641113 504.297821
1325.489990 635.359375 15558.376953
68.950180 635.647705 532.700806
1579.206543 635.911682 11629.458008
134.868515 637.245178 977.027771
188.495590 637.285461 2802.019287
441.561096 636.866455 6075.910156
882.084656 637.465942 10859.832031
405.339966 638.064026 791.299805
591.206970 638.219666 1012.473755
854.128296 637.875916 10547.162109
1411.689819 637.722839 5491.973633
356.857208 638.701599 235.024673
817.793457 639.293640 17877.005859
789.771301 640.377136 9495.914062
1312.258789 639.970642 641.189575
76.392906 641.090271 457.669525
90.883507 640.916260 1183.104980
761.944580 641.403320 17924.195312
177.215744 642.231628 10914.352539
753.746948 641.653503 18340.179688
936.744080 642.215149 19371.787109
206.298477 642.987183 507.326782
833.007446 642.504211 26904.894531
1090.474976 644.325317 562.344055
1294.640869 643.901917 2710.566162
1387.146606 643.806763 39096.292969
111.668564 644.778748 2454.370361
1336.778442 644.548523 281.915863
1445.388672 644.793823 -299.123840
854.637756 645.848633 9922.017578
952.674255 645.973877 1221.089111
1124.827271 646.118225 4279.070312
409.198303 646.603271 869.756531
423.307678 646.872986 373.832458
682.541931 647.110596 306.663452
721.799988 646.858215 17816.195312
1168.467529 647.361816 4438.839844
646.169128 648.182312 12022.463867
789.913025 648.247314 14611.032227
604.743469 648.773254 710.843384
627.548706 648.781067 1931.243774
805.048401 649.256836 1640.973755
1240.799438 649.380188 719.317200
188.988678 649.776733 24126.066406
652.690186 650.286438 11991.741211
762.051575 649.726501 24178.138672
698.371948 650.914612 10852.492188
1303.998169 651.017517 1760.158081
349.632080 652.040161 326.713806
383.064941 651.832458 6633.680176
953.208740 651.715088 1115.146118
1139.184448 652.178162 899.277649
117.598778 653.299927 1733.702271
1364.945312 652.500366 2845.012939
364.280823 653.863220 2407.103516
394.234100 653.702515 2185.568604
671.951355 655.208984 239.928314
962.141907 654.995605 707.308472
1441.963623 655.342590 30820.781250
1035.091553 655.967590 8684.555664
96.450310 657.183105 590.266724
1044.921143 657.192261 7258.946777
16.328279 658.802185 246.050705
139.235703 658.567871 15718.093750
205.592010 659.221497 380.806854
593.796692 659.177246 155.309174
1059.991699 658.919922 374.736511
1347.862671 658.705139 235.906631
1009.576233 660.138489 368.674500
176.739212 661.880432 2236.476074
345.955963 661.972473 6436.064941
1172.084595 662.274170 4434.896973
1227.644287 661.675903 286.403015
1380.817627 661.598083 22309.546875
163.178177 662.738892 12488.298828
331.896423 663.020813 322.813812
188.321350 663.689819 1538.489502
78.054497 664.804993 475.954742
360.875305 665.293457 5260.253906
974.695679 665.490906 3786.821533
1286.252563 664.675171 668.596375
1327.978516 664.785156 308.734131
204.442474 666.390320 435.008759
1411.291260 666.382019 272.400482
933.160034 666.879272 3189.372803
1344.909546 666.755371 376.098846
286.246033 668.490540 855.658813
1026.306030 668.272949 877.975891
1149.246460 668.027283 4509.425293
301.579010 668.864807 620.830017
376.053864 669.076477 4926.822754
411.954926 668.614014 4162.944824
667.797241 669.086670 1472.983032
1188.617065 668.515869 1317.322266
1251.910278 668.667297 2748.759277
1364.296265 669.042114 5680.239746
322.831665 669.672485 397.732361
383.443634 670.319702 3972.545654
542.906067 670.324036 2718.609863
391.109375 670.724670 5617.345703
512.316833 671.475464 3670.128906
527.911011 671.245850 5900.163574
683.250671 671.486511 157.736618
984.609070 670.577454 11269.669922
1075.838135 670.593994 533.089050
1319.504517 671.000000 346.568024
1504.146606 671.161499 204.205002
496.874817 672.006836 3201.274902
519.915833 671.721497 3786.740967
653.166077 672.217468 9517.951172
1106.531128 672.019409 165.000336
143.752991 672.704407 5384.774902
436.108887 672.834961 5731.533203
443.603394 672.956604 4840.626465
451.300568 673.218079 7595.242188
458.274841 673.422058 7713.887207
584.877075 673.134277 145.894714
631.181885 672.836731 164.254501
1061.645020 673.004578 811.161438
122.399895 673.806824 125.363754
466.953094 673.888123 9383.335938
482.235199 674.409485 5594.606445
1270.151611 674.391907 534.633362
1001.696533 674.700378 3416.459717
1240.384888 674.610657 912.708984
101.846924 675.809998 33354.445312
1216.847046 676.939453 367.158142
921.453735 677.700195 1781.020508
1471.454346 678.449402 484.299072
50.677242 679.254883 184.312622
190.806183 680.148376 12201.968750
855.874634 680.388672 10567.557617
883.774292 680.197388 11287.047852
900.440125 681.306519 890.723816
1041.498047 681.363525 390.635956
1396.025879 680.652893 615.401367
671.952637 682.429443 428.446167
1080.221558 682.358765 235.518555
408.619659 683.194580 636.733704
791.147156 683.038818 32433.125000
1165.213013 683.012207 892.061707
1176.111450 683.373413 949.557617
598.128174 684.136414 5847.118164
763.151184 683.783813 27976.863281
1277.624878 683.974792 602.264587
146.153641 685.190918 66059.312500
834.843994 684.859497 32250.166016
1291.241089 684.853638 740.792542
1545.442139 684.821228 644.714294
683.039062 686.116699 445.000122
699.576111 686.323975 5001.924316
1121.374023 685.884338 2039.076416
1344.432251 685.794983 1237.596924
966.552124 686.543762 463.108612
1248.207520 686.784058 255.034698
1380.827026 687.192200 3259.408936
884.998840 687.902344 11937.840820
953.486206 688.391663 184.992172
722.887939 688.925598 13501.301758
728.799072 688.632324 14245.348633
909.332947 689.461914 5677.832520
1472.236694 688.817383 547.391418
819.102173 690.030762 41241.371094
857.582703 689.497375 25707.597656
1080.670532 690.384644 286.809509
1104.236572 690.087402 762.687561
791.365417 691.003052 26218.164062
1302.933716 690.730957 534.569153
418.429138 691.717346 156.515579
496.534485 692.062378 1090.198608
763.776489 692.158508 22725.740234
925.853516 691.601318 11046.895508
869.797302 692.746155 135.010834
568.613159 693.744324 941.020691
753.015381 694.641968 2899.427979
943.157715 695.021667 134.314301
995.922302 695.197815 1166.622681
1257.449585 694.764587 720.181885
79.277084 696.132874 4091.340576
1012.267517 695.659729 380.826233
91.377312 696.621643 11776.406250
702.147339 696.556519 4629.204590
740.715393 697.266846 805.286987
1045.208008 696.729736 162.078873
1317.794067 697.303162 8371.045898
616.420410 698.073547 125.157700
981.933838 698.107788 523.647217
1443.066284 698.136719 214.736237
514.312683 699.362366 271.092590
640.123230 699.171082 136.739868
1345.830200 698.994629 1109.530273
1474.336548 699.140869 238.236343
1545.196777 699.296509 2200.101562
15.185333 700.169678 193.337204
35.152576 699.526794 1724.905273
57.834713 700.166138 707.191711
1387.717285 700.178284 2673.099609
1096.774658 700.529541 1123.003052
1295.248291 700.885437 345.099579
1409.709839 700.729431 259.525879
596.010376 702.383789 742.427368
909.723022 702.292053 2755.450439
1374.116577 701.932373 4429.830078
526.575562 703.275879 817.785828
1134.194702 703.146057 2393.831299
1186.458496 703.147461 986.027161
1555.342651 704.468994 6829.434082
88.840942 705.182007 8444.845703
1239.293335 704.772156 6805.941406
247.739166 706.871033 12682.833984
607.684998 707.796631 282.968506
1089.145630 708.394897 1655.996338
1120.001587 708.001526 9367.700195
1338.878540 707.916931 1166.925293
68.651443 708.966736 6815.625000
195.826660 709.282104 560.467834
539.148132 709.287781 466.545807
964.462769 709.413330 1134.529907
977.690613 708.895325 911.665039
1000.341125 708.917053 2095.050049
652.593140 710.257507 280.894684
1108.298828 710.192566 584.675842
1541.143311 709.985046 3632.460693
619.870728 711.083313 467.227570
631.374207 711.504028 124.530174
1208.931641 710.635620 30810.093750
1226.271240 711.463440 6634.577637
1320.418823 710.629944 1473.367920
76.291939 712.418335 5790.503418
888.979553 711.876587 4649.032227
1355.324097 712.510986 2200.697021
1415.752441 711.759399 1026.831543
100.984512 712.742065 7169.327637
113.142426 713.422241 10841.264648
1138.428101 713.095154 2541.018311
45.097469 714.042603 8735.901367
853.158264 714.000610 21734.804688
985.941406 713.924011 677.249207
553.198547 715.326904 137.545715
732.046814 715.171692 8368.173828
820.095459 714.562439 23361.406250
834.844238 714.512695 3516.784180
944.738464 715.289001 945.425293
1479.207886 715.046204 179.376053
794.717712 715.878357 17056.205078
1441.213013 716.387390 174.825363
567.223511 717.456055 244.069366
753.413330 717.180603 10544.684570
764.487000 716.723572 14483.115234
202.516876 717.853638 1124.459229
721.960938 718.061157 12719.486328
921.752869 717.679871 584.945801
1392.152466 718.004395 1613.885132
702.909241 718.733398 3513.745850
1379.654663 719.079407 2756.282471
596.968628 720.211670 207.391129
1043.445923 720.399841 2226.863525
1149.065796 719.576782 1523.508057
1178.020874 719.872314 9766.823242
1587.964233 720.296387 8938.799805
151.177551 720.858459 4364.875000
1056.138062 720.789062 1674.247925
809.915161 721.510071 753.688599
1071.948730 721.978149 3417.964355
1086.293335 721.420898 5179.729492
1350.493530 722.169800 3699.041016
1305.530396 722.773804 2681.015381
527.046814 724.200867 148.839218
899.580627 724.240479 455.597290
1415.292358 724.197449 584.982910
261.125458 725.516174 1203.382446
656.628601 724.610107 310.794006
1475.415039 724.461487 227.438614
136.864807 725.858582 9015.854492
245.952408 725.623840 328.207581
910.508057 726.359985 147.685349
957.984436 725.632019 1053.063721
1559.926270 725.639526 918.650024
64.934456 726.903992 1174.783325
994.364258 726.691040 1046.835205
1017.580566 726.825500 4072.713135
1240.749268 727.923950 1602.716187
53.617996 728.516235 954.325073
93.547798 728.599304 249.025284
644.956787 728.717102 197.812271
670.467590 729.270935 184.305481
1141.021851 728.933411 1440.417969
126.191025 730.066101 1389.399170
169.795135 729.737366 917.250000
191.889938 730.055786 1370.693359
588.589600 729.914917 333.321289
598.104065 730.076233 576.965576
106.854324 731.016846 2344.899414
1108.562744 730.546204 1527.680298
1365.363770 730.853271 1280.800903
950.417419 732.279724 754.614624
1390.395874 731.873352 661.445740
1536.729492 731.760254 618.574463
79.135399 733.396973 637.313904
180.309799 733.193481 868.668152
204.813019 733.038147 1194.572266
890.120789 733.198242 5400.212402
970.577820 732.419128 4123.777832
1043.843628 733.083557 736.412231
1081.166382 733.331299 1544.562378
923.605896 734.016846 455.745453
854.260315 734.904114 20004.046875
1316.239258 735.398376 42748.632812
1396.833374 734.633423 664.639526
113.316032 736.020996 2608.919434
684.312012 735.680908 738.375854
986.978027 736.471863 1566.610596
1258.078003 736.041260 743.533630
227.372742 737.554382 327.199005
754.359558 737.324463 14213.350586
821.623718 737.276978 5531.645508
1186.953003 737.278870 4873.682617
1277.286133 737.122803 9635.295898
217.894241 738.104553 395.876373
732.581604 738.382019 8512.527344
790.315979 738.219299 4330.304199
836.637634 738.051208 19537.150391
1107.954590 738.279602 1582.811890
1417.694702 738.187195 145.048584
189.463226 739.373108 938.606201
703.708984 739.165955 2231.979492
722.434937 739.208801 7242.932129
764.471802 739.383972 3604.697266
902.770203 738.750854 1542.368408
1214.452148 738.810791 1320.840942
104.356590 740.321960 3264.985107
1009.450256 739.935730 961.965759
1151.817505 739.977600 2696.821777
1407.656128 740.417847 520.539551
693.482056 742.601013 4494.349121
1433.738037 744.346924 4603.535645
1555.182129 744.501343 1186.099365
652.239441 744.738770 286.032379
1169.566284 744.552246 378.336914
1231.293213 744.973328 601.044250
295.503754 745.897339 552.229309
619.497559 746.355835 1226.864990
202.685333 746.975525 400.862732
1013.132141 747.083618 688.323792
35.160191 747.890747 8714.772461
59.673386 747.858215 3468.797363
978.650391 747.993530 884.228027
1389.635376 748.410583 485.907532
1541.997437 748.058228 2173.972656
681.910828 749.158020 304.190460
160.455063 749.715515 1078.529419
241.946533 749.681335 6524.694336
183.928833 750.596558 932.282715
262.822968 750.933960 1350.041626
1280.565918 751.407227 18255.152344
1425.695557 750.781250 6348.981445
1216.640015 752.097229 838.925598
827.704651 753.498413 234.238266
951.588013 753.117065 13739.039062
1082.151245 753.429077 1931.460938
1161.158447 753.202209 1038.791870
1292.776367 752.980347 16387.638672
1243.436035 754.286926 1085.298462
1532.429810 753.996094 2584.096680
1572.279419 754.400391 3685.305420
1591.656372 754.179077 18057.183594
326.798553 755.083862 515.872742
1000.934448 754.829529 1031.534058
1267.515869 754.547363 2404.899170
58.628819 756.253967 3074.496338
111.118301 755.967773 2640.692871
1376.167603 756.229431 3959.626221
1439.383789 755.609924 6454.169922
69.597015 757.513672 2642.628174
1116.917358 757.120544 1410.803345
1315.025269 757.275208 450.475525
1350.362305 757.422852 3426.269043
1477.531372 756.651245 7274.714355
1332.563232 758.278748 776.526123
230.591797 758.514709 25477.701172
1419.584961 758.891968 6290.220215
1492.467041 759.184509 16972.482422
146.796524 759.924011 4123.403809
39.261200 760.716553 4486.068359
264.877991 761.030518 940.488525
1458.868896 761.428101 17595.292969
206.312988 761.481323 307.790863
1554.706055 764.083679 8830.051758
925.768738 764.723999 4862.465820
948.717773 764.895325 45777.976562
1539.071167 765.208984 5446.143555
904.897949 766.526245 5531.034668
1481.103027 765.795166 10466.634766
73.830124 767.045105 4255.972656
829.915100 767.141907 84774.640625
837.843140 767.220154 123461.031250
1176.943115 766.728394 1530.818237
1436.239502 766.956543 20083.662109
376.166199 768.174438 22208.837891
713.796753 767.731995 1236.218628
964.480530 768.003723 41055.042969
1415.034302 767.867859 9340.994141
603.282837 769.278442 142.751099
1573.799316 768.740479 4199.264648
100.982391 770.325256 1130.253418
188.096985 769.902466 14277.321289
730.927246 769.690796 134830.984375
918.202209 770.070679 8626.703125
1401.204468 770.193909 10276.174805
235.331894 771.346313 98466.648438
1363.918457 770.875061 4055.241211
280.910980 772.325928 231.507172
1076.164185 772.390991 144850.281250
1300.989990 771.848145 23338.718750
118.348846 772.805298 12721.846680
1010.408203 773.252380 93047.570312
1042.349731 772.906067 156653.375000
1290.378174 773.097961 18666.236328
1349.777832 772.992798 3855.028320
43.015877 773.517334 589.713928
1327.378662 774.361145 1955.834717
984.569946 774.256165 75868.898438
1218.280640 774.873047 184.409164
1385.973633 774.598938 18417.492188
1241.800903 775.898315 34955.687500
1138.365967 776.963867 68698.273438
1544.407227 777.416138 2487.090576
61.796558 778.466125 95083.914062
130.905884 778.464111 3127.060059
1179.620850 778.270203 1552.677246
803.953430 779.367981 50694.957031
1278.622925 779.168640 4530.746094
1535.520996 779.611084 1771.910400
327.429474 780.440002 626.263916
1572.505615 780.225159 4455.723633
86.073708 780.952332 7878.768555
168.850098 780.718262 1181.535156
178.379868 780.458557 950.837769
401.368988 780.694763 1031.758789
1590.092651 780.807556 3678.748047
1010.218384 782.471619 122274.304688
231.334442 783.912476 7060.875977
1478.044189 784.774292 2705.655273
22.970886 785.562439 1718.871216
45.058464 786.286621 2460.748291
209.241196 785.713928 29730.597656
220.059067 786.381775 3884.353516
264.573883 785.769409 1683.752686
510.854004 786.046570 180.061676
1434.029053 786.215393 2500.786133
988.133057 786.892578 179.971985
1100.942383 786.712280 10072.204102
1190.411255 786.980957 1387.921997
300.022156 788.341370 1945.901001
340.796265 788.461243 1236.343872
1144.560547 787.859314 98986.031250
1263.587646 788.207092 2036.544678
186.073441 789.395081 2567.711182
271.456421 789.172791 1347.380371
821.420471 789.022156 46961.066406
1162.601807 789.838501 83484.765625
1372.464844 790.320557 5196.157715
60.715775 790.520447 4643.901367
131.801895 790.947754 2645.669922
157.194443 791.145691 396.556854
1242.027344 791.438843 3208.470947
312.426971 791.697998 889.858582
1592.947021 792.161682 7116.890137
31.586304 792.518799 1123.975586
357.907410 792.711304 601.939514
1044.341675 793.067932 64662.507812
1412.356934 792.672241 1611.942993
1537.088135 792.791321 672.414490
174.006149 793.869995 1862.306519
1331.956299 793.964233 299.396118
82.936371 795.187073 2342.037842
420.088196 795.034973 6404.533691
1302.960327 795.118469 4129.795898
1493.505493 794.582336 1426.370361
1029.706787 796.303345 2734.346436
1291.103516 796.216248 536.287659
1556.277832 796.078430 1233.326660
831.104065 796.964111 51427.175781
1349.108765 796.952759 705.322388
838.997681 797.739990 53923.925781
1054.086792 798.960388 21191.570312
1226.286987 798.968567 21698.496094
1383.630127 799.070679 2033.283813
98.415695 799.880005 19589.453125
291.531342 800.276733 564.389282
65.301285 801.362854 1055.309570
1076.730469 800.765930 6470.877930
1176.088867 800.748962 45361.996094
79.905655 802.427124 2568.979980
368.020660 802.288574 960.393433
1576.598389 801.678040 995.947266
1272.486694 803.003235 402.318695
1293.218506 803.247070 444.246613
1245.767700 804.270996 1848.452881
1375.532959 804.051208 2194.716309
1435.616699 804.295227 534.640259
1143.066895 804.966003 143166.968750
1281.983765 805.436584 1008.538208
1537.115845 804.929749 646.011902
183.497681 805.621277 2888.370850
258.660461 806.144714 62875.003906
1448.264893 805.911133 226.906586
435.685516 806.953491 3762.634277
1393.902954 807.403015 2959.143555
116.715012 807.705444 1274.619995
1232.645996 807.630981 13079.858398
329.593018 808.486816 1411.580078
1115.428101 808.995789 828.552673
1422.965210 808.961365 1398.828857
82.070175 809.916687 2482.405762
842.908936 809.770569 41301.550781
1364.258545 810.305359 1099.508301
1508.323486 809.683105 1321.628784
827.449707 810.568298 50126.179688
1088.276978 810.537537 3808.025635
1102.420410 810.644958 17934.728516
1130.361084 811.268494 8163.531250
1313.674316 810.744873 3887.845947
1408.099487 811.141846 7065.318359
237.942383 812.495178 27732.341797
881.691223 811.883484 131.186401
1540.940063 811.592529 698.939636
162.611313 812.593994 1518.694336
50.199764 814.086304 1535.511719
105.660782 813.596252 2216.148926
771.825317 815.685974 752.840820
1581.541260 816.269775 2764.647949
153.002792 817.008667 1109.202515
30.092953 818.403687 1450.788574
312.928467 818.292358 451.630585
429.082642 818.171509 15959.333984
443.245911 817.674988 2047.668579
1153.858521 818.393616 21528.832031
1322.880981 818.292969 1263.622192
1546.965454 818.215332 717.363281
366.811096 819.046570 132.130768
341.890564 819.915833 9570.800781
1247.586792 820.837524 4360.646484
1487.932739 820.847961 294.549500
1355.420166 822.305359 1105.186523
1564.778809 822.126892 927.199890
1086.541870 823.147217 634.390259
1372.094849 824.371887 3937.264893
1536.071533 823.622803 943.921326
11.826504 825.137024 504.859558
1231.079834 824.821289 6089.312012
1287.737915 824.623291 2951.807861
292.669830 825.622803 2477.043701
304.789307 826.245850 1392.812744
48.378952 826.919189 413.132874
258.422272 826.839050 3752.397949
1390.677612 826.642151 1424.299561
181.686157 827.919067 4089.886963
444.948975 828.342896 4238.180664
1158.276978 827.992554 28530.535156
1591.585815 827.978210 586.409302
1307.850708 829.012268 750.694519
158.733902 831.312988 5201.530273
1404.557861 830.473633 2448.775635
11.202909 831.701599 522.998352
345.509277 831.823181 10907.294922
111.112610 833.485168 1650.286987
144.863419 833.463135 550.247559
236.161118 832.774536 12401.961914
1542.509644 834.105469 1212.179810
94.387405 834.445984 19269.207031
189.973450 834.986267 3859.409180
205.946274 834.596985 4670.336914
70.914894 836.008789 2922.483398
327.239563 836.201050 14537.691406
374.995026 836.384338 10587.949219
1168.486450 835.637756 78935.617188
58.512360 836.855408 6513.743164
134.356491 836.847351 1178.032104
219.863083 837.085388 23687.818359
392.250488 836.536011 33348.957031
314.551575 838.489929 48991.476562
1237.786621 838.829224 36213.824219
1311.618408 838.749207 554.880981
283.204651 840.136353 12492.678711
406.273285 839.523010 18899.132812
1276.233887 839.828674 5394.058594
1333.964233 840.796143 3342.905273
40.394917 841.808533 1844.625244
72.880806 842.414551 2900.570068
596.308777 841.633057 884.092529
587.926697 842.730591 1119.251343
1344.569702 843.293640 1482.067505
1551.854980 843.211792 576.002136
373.621063 844.257751 11921.827148
1251.029297 844.274231 2799.320801
1423.709839 843.920898 356.109222
1536.812134 843.745850 438.191559
1572.663452 844.308289 258.523804
116.521713 844.826538 864.188599
179.868210 845.138367 6737.270020
1292.933594 844.750610 27028.050781
24.493788 846.180542 818.958313
512.100525 846.259705 2734.591309
156.822647 846.987427 3126.218018
1398.181030 846.804749 10679.628906
1582.834473 847.497009 341.447968
59.486477 847.817932 7666.484375
394.399963 849.855591 12146.869141
445.997528 849.618958 4528.709961
1332.213989 849.714478 9708.889648
1363.249756 850.265747 1875.118896
42.013184 850.858032 3893.139404
357.273315 850.506897 5482.315918
187.207993 852.010925 5595.379883
268.158386 851.878906 54599.015625
1462.024414 852.341248 1184.630371
308.410309 853.361206 25038.677734
1184.774414 854.214478 1473.828491
1319.904663 854.574463 844.916443
1448.689087 854.811035 2017.816406
77.566696 856.035095 2309.875244
114.810387 856.133057 5154.190430
203.951523 856.029480 7737.666016
329.908295 855.696533 3322.459473
406.054443 855.952087 1920.819580
421.263611 855.973511 8722.639648
867.540894 855.982849 350.163422
153.810379 856.690979 1485.039673
172.346558 856.683228 2554.917236
340.704437 856.795837 7725.743652
235.015228 857.684021 31447.580078
249.199783 859.299377 15952.839844
384.989929 859.027954 6669.400879
470.142914 859.310242 117.261375
1541.605469 858.975952 3978.811768
6.977799 860.444031 955.410156
375.780670 861.037170 11442.737305
20.285076 863.671265 1188.609131
92.645935 863.821899 1456.103271
188.830765 864.113098 72118.843750
220.740479 864.129578 13469.373047
1594.163574 863.983704 483.355591
203.041931 864.784241 17514.423828
29.675406 865.295349 3085.571289
257.750916 865.672852 20863.777344
307.897949 865.710754 23955.380859
64.145988 868.265442 8436.018555
126.030075 867.982422 30675.115234
461.570984 868.427002 21122.574219
297.884735 869.162781 26845.216797
102.568253 869.860291 4648.244141
285.476501 869.820984 2069.610352
370.208710 870.008911 5944.623535
180.406281 871.131653 20616.792969
441.988678 871.676208 7790.494141
318.584045 873.518738 9515.123047
330.585388 874.253235 8859.318359
493.041199 874.244812 726.362610
124.449776 877.160339 27948.855469
146.676682 876.887390 19224.273438
195.181534 877.340149 26723.746094
48.632736 877.956970 1785.979492
350.632263 878.172424 7866.840820
429.211151 879.002075 2623.536377
460.465485 879.469116 16547.357422
35.411530 879.576904 650.917175
56.050823 879.940613 1825.134033
418.185364 879.806580 6952.173828
23.804388 880.545593 383.908051
77.371597 881.083252 8646.221680
391.137115 880.690613 43384.457031
161.672012 882.661011 29483.033203
233.332352 882.927856 1354.526001
183.980713 883.920776 7081.433594
284.345245 884.194946 1343.590210
209.181381 884.511292 84827.125000
297.271454 885.128723 6994.044434
321.049103 884.568787 923.850708
477.572784 885.579651 2421.078369
493.245331 885.054321 198.704437
255.414413 885.702087 22680.806641
336.320740 887.338928 5824.834961
344.135895 886.741882 5251.444824
463.720245 886.751770 22052.115234
395.488373 889.474365 15636.033203
446.940186 888.840698 2961.720947
374.773438 889.554688 10430.545898
420.084076 889.741028 3216.375977
432.182495 890.899719 10175.654297
595.742126 906.758911 152.178589
667.836914 909.362000 129.274673
690.942139 915.476196 456.488098
741.074097 920.436951 402.473785
684.123962 922.708984 183.487808
792.164368 925.925476 199.961700
846.466675 929.031311 1481.506714
908.888977 934.570862 1042.693726
1355.842163 937.615540 383.055481
1001.249207 940.671692 184.115356
704.421265 948.242798 190.175217
1100.080811 948.062073 227.010345
617.238708 966.682190 123.870445
1464.664429 970.392456 474.963074
608.052490 971.810181 194.327682
54.089893 972.990784 549.990112
502.156128 972.912048 171.142746
42.745495 975.647949 422.951080
790.519348 978.359558 199.848755
486.711395 978.773865 412.142120
597.299133 980.435181 391.023895
351.642242 981.828430 338.871796
244.166000 984.877747 263.044098
878.907959 984.599243 152.119537
586.413879 986.690674 336.808136
818.228516 987.668335 914.032715
1496.193115 990.636047 552.844055
458.683105 991.651367 540.654724
519.549011 992.384277 184.969742
789.931885 994.210571 295.232147
129.937271 996.739014 1158.475464
302.234528 997.795776 947.455444
569.570190 1000.120178 299.740326
257.910583 1004.785645 133.169266
450.954224 1004.533264 313.811554
680.086487 1008.404053 1523.672363
1562.679077 1012.867371 460.514191
578.854431 1014.368286 140.958572
790.979492 1015.808044 396.902710
843.102356 1016.392456 121.660210
29.960035 1019.189270 1509.049438
560.809570 1019.648987 655.393433
212.296219 1020.497925 1381.652588
391.734192 1020.935364 328.949432
19.506691 1022.447327 499.795471
381.350616 1022.532349 395.372498
553.679077 1022.139893 664.400757
709.255798 1024.065186 199.636902
223.667877 1026.016479 649.205139
697.229614 1031.372803 764.074097
1016.321045 1030.603394 723.046082
835.480469 1032.163208 207.341614
1119.977783 1032.843994 173.655136
842.044312 1034.759521 247.401917
1128.310669 1035.711182 137.760849
1238.707886 1040.102661 129.029938
504.947784 1041.401367 227.367401
678.802612 1040.740967 339.681244
979.062622 1040.513062 362.794281
834.266296 1042.071289 267.154114
661.006958 1043.380127 384.457092
487.453552 1044.012573 1339.541138
819.537231 1043.663574 1755.405518
304.282532 1045.284302 733.137451
115.062889 1045.723389 1260.685303
478.166138 1046.316528 1131.122681
1105.953857 1045.505981 177.024399
1308.215820 1045.959473 419.278229
652.432800 1046.524536 603.479126
1541.544067 1046.850464 196.504593
103.531548 1049.291504 749.021790
294.094574 1049.179443 699.969971
1188.802979 1050.813232 388.031311
951.632385 1055.207153 559.736328
1094.220825 1054.797729 1441.722046
1558.798462 1055.394287 564.818420
1315.641235 1056.300415 1394.028198
1383.250854 1057.102295 171.193222
719.791565 1058.563965 1472.589355
1468.949829 1061.443726 139.294617
1311.123047 1063.342041 1346.916870
938.944580 1064.083618 1877.876343
1562.101562 1065.951660 158.687927
590.823914 1069.774048 969.870728
761.945923 1069.872559 1782.937378
402.032928 1072.464355 668.713623
1165.117065 1071.653931 2072.254883
223.547638 1073.534058 202.828751
581.834595 1073.527832 1172.696533
206.621582 1075.225708 1060.488647
196.012466 1077.364258 1208.677856
1570.621948 1077.043335 196.069855
1260.159668 1078.295044 141.835617
1305.287109 1081.458252 355.388428
69.038948 1084.308350 196.882202
1048.095215 1086.747314 1901.564819
27.192976 1090.131958 161.885193
1568.451660 1093.842041 155.714645
1286.683716 1094.761719 2188.066895
877.928955 1095.629761 2608.991943
704.078247 1098.258789 2028.368652
1342.716309 1101.144165 133.271545
509.852142 1101.655029 2053.432617
696.189819 1101.633545 1297.683228
1310.399414 1101.645752 179.587433
1133.935059 1104.299194 13555.028320
305.945679 1106.277954 1468.697144
501.361816 1105.967529 1154.537964
1442.040283 1107.156372 132.143112
395.879730 1107.844727 486.273193
1388.938354 1108.291138 188.153793
1563.429688 1107.945923 233.392441
296.931458 1108.970215 1077.086060
859.705078 1108.715454 1200.833008
93.653145 1110.534912 890.018311
1022.758057 1109.913208 328.750336
76.683441 1111.074463 1238.473877
1414.014526 1113.301270 146.735016
109.191925 1114.263306 279.040863
769.794678 1117.457275 215.082977
1271.671265 1117.591431 1128.073120
234.386444 1118.645630 132.159927
1533.091797 1119.380859 132.495132
1564.981323 1120.116089 952.166443
1003.151794 1121.388184 1108.315308
274.025574 1122.415527 136.364746
1299.485596 1124.717285 412.485962
834.827515 1126.596924 843.288147
1414.030884 1127.704956 151.915848
1260.137329 1128.739136 2872.988037
1336.882935 1129.218018 188.401642
1561.827759 1130.583496 363.689209
817.754822 1131.581299 1700.888794
1277.694580 1136.973755 162.596954
418.762726 1138.455688 2707.785156
1089.400391 1138.420776 1531.296265
619.529297 1138.712891 2099.173340
636.723206 1138.811401 187.289871
398.983154 1140.257935 242.116196
1248.877441 1140.440918 650.867432
1327.286133 1140.252808 331.788422
196.009796 1143.484863 1020.494629
408.165558 1143.117554 1141.828735
1583.146606 1143.383911 10232.495117
1559.260620 1144.165039 189.619995
207.756790 1146.212280 358.351562
1344.237183 1145.833618 275.443085
188.079956 1147.441650 544.829468
442.029114 1149.011475 134.485596
1284.802002 1148.644531 129.916824
1249.802856 1150.177979 528.165649
1480.801147 1151.290039 187.011230
392.435669 1151.896729 497.991852
1297.613525 1152.268921 200.656281
1313.776001 1151.514404 166.595078
1561.634277 1152.238892 188.350601
1497.001221 1153.703857 161.240524
956.518738 1155.461304 1418.404907
1378.809204 1154.905273 152.591080
429.951630 1155.727417 960.158325
473.013092 1160.358765 252.196503
949.421936 1160.731201 1110.017456
1317.086548 1161.995483 157.463669
242.725845 1162.893188 339.442627
367.825592 1162.564453 191.645920
938.942322 1162.577515 125.564621
1329.108887 1162.717407 126.797325
1300.525635 1163.914551 149.066025
142.275986 1164.845093 241.012878
756.538574 1167.108643 2208.345703
1227.187500 1168.424927 840.390564
1237.404541 1168.253418 1630.820801
1534.597656 1169.400024 190.103989
1479.444336 1170.222290 142.230927
1332.684570 1170.908203 126.796906
747.893433 1172.189331 4405.803711
1433.870361 1172.207031 538.299377
1264.849731 1174.093628 166.443008
116.124969 1175.416870 158.254227
285.434357 1175.251587 144.428970
346.043274 1175.337646 148.675842
541.649780 1175.578857 3165.368896
552.453857 1175.873291 710.796143
531.478271 1178.078125 821.732361
1229.092651 1177.782715 771.302063
310.938660 1180.563232 5830.757812
1043.128174 1181.229248 2910.176514
1311.573242 1180.698608 158.293915
1348.679932 1180.543823 353.128082
1404.347168 1181.100708 185.568420
1326.448975 1181.673462 244.455017
291.728973 1183.236816 146.239044
745.301208 1182.818115 205.562408
300.206299 1185.871948 751.972412
1335.108765 1186.023926 436.115540
1396.663330 1185.599121 156.938492
1555.009399 1186.316406 382.317902
64.163063 1189.015137 387.022095
1429.260620 1189.080322 176.458405
1574.000122 1190.092651 3112.931885
43.919518 1190.944336 130.234512
916.265808 1190.815308 144.558441
54.099506 1193.049927 608.708069
76.609970 1192.802612 225.746140
1325.106812 1193.034668 201.700134
1439.916626 1192.661499 135.759979
